86812020645759
86812020645764
86812020645769
86812020645774
86812020645779
86812020645784
86812020645789
86812020645794
86812020645799
86812020645804
86812020645809
86812020645814
86812020645819
86812020645824
86812020645829
86812020645834
86812020645839
86812020645844
86812020645849
86812020645854
86812020645859
86812020645864
86812020645869
86812020645874
86812020645879
86812020645884
86812020645889
86812020645894
86812020645899
86812020645904
86812020645909
86812020645914
86812020645919
86812020645924
86812020645929
86812020645934
86812020645939
86812020645944
86812020645949
86812020645954
86812020645959
86812020645964
86812020645969
86812020645974
86812020645979
86812020645984
86812020645989
86812020645994
86812020645999
86812020646004
86812020646009
86812020646014
86812020646019
86812020646024
86812020646029
86812020646034
86812020646039
86812020646044
86812020646049
86812020646054
86812020646059
86812020646064
86812020646069
86812020646074
86812020646079
86812020646084
86812020646089
86812020646094
86812020646099
86812020646104
86812020646109
86812020646114
86812020646119
86812020646124
86812020646129
86812020646134
86812020646139
86812020646144
86812020646149
86812020646154
86812020646159
86812020646164
86812020646169
86812020646174
86812020646179
86812020646184
86812020646189
86812020646194
86812020646199
86812020646204
86812020646209
86812020646214
86812020646219
86812020646224
86812020646229
86812020646234
86812020646239
86812020646244
86812020646249
86812020646254
86812020646259
86812020646264
86812020646269
86812020646274
86812020646279
86812020646284
86812020646289
86812020646294
86812020646299
86812020646304
86812020646309
86812020646314
86812020646319
86812020646324
86812020646329
86812020646334
86812020646339
86812020646344
86812020646349
86812020646354
86812020646359
86812020646364
86812020646369
86812020646374
86812020646379
86812020646384
86812020646389
86812020646394
86812020646399
86812020646404
86812020646409
86812020646414
86812020646419
86812020646424
86812020646429
86812020646434
86812020646439
86812020646444
86812020646449
86812020646454
86812020646459
86812020646464
86812020646469
86812020646474
86812020646479
86812020646484
86812020646489
86812020646494
86812020646499
86812020646504
86812020646509
86812020646514
86812020646519
86812020646524
86812020646529
86812020646534
86812020646539
86812020646544
86812020646549
86812020646554
86812020646559
86812020646564
86812020646569
86812020646574
86812020646579
86812020646584
86812020646589
86812020646594
86812020646599
86812020646604
86812020646609
86812020646614
86812020646619
86812020646624
86812020646629
86812020646634
86812020646639
86812020646644
86812020646649
86812020646654
86812020646659
86812020646664
86812020646669
86812020646674
86812020646679
86812020646684
86812020646689
86812020646694
86812020646699
86812020646704
86812020646709
86812020646714
86812020646719
86812020646724
86812020646729
86812020646734
86812020646739
86812020646744
86812020646749
?×ÜÊý£º199
 